./1_S_0001.pdb:pose -1621.21 212.519 4.08561 75.4077 259.344 -14.7631 -298.545 -26.9129 -21.8178 -78.0514 -1.83562 0.17367 0.00123 0.15022 0 -21.3983 -0.93542 232.056 -14.8986 -6.35 165.742 -41.4269 -1198.67
./2_S_0001.pdb:pose -1643.7 210.841 3.86237 76.8218 270.042 -12.672 -301.634 -25.6533 -54.3294 -53.9149 -1.85739 0.03359 0.087 0.23005 0 -22.8247 3.16574 221.669 -15.4467 -6.35 165.81 -37.1196 -1222.94
./3_S_0001.pdb:pose -1617.62 205.593 3.97924 76.727 264.099 -9.66583 -301.372 -22.1987 -51.2512 -69.0544 -1.85724 0.04687 0.06883 0.16694 0 -22.859 -2.65285 222.828 -15.9167 -6.35 125.124 -27.9915 -1250.15
./4_S_0001.pdb:pose -1656.87 208.245 4.48838 78.1187 272.741 -15.3257 -313.094 -26.6146 -48.2434 -81.1221 -1.85727 0.03031 0.01878 0.18314 0 -23.8427 -1.35948 242.58 -13.2471 -6.35 133.416 -30.1832 -1278.29
./5_S_0001.pdb:pose -1650.1 208.072 4.31958 79.1217 267.339 -15.1518 -294.613 -18.5859 -55.8746 -79.0604 -1.85607 0.02997 0.00345 0.13474 0 -23.4556 12.8881 230.362 -14.108 -6.35 197.449 -25.1342 -1184.57
./6_S_0001.pdb:pose -1635.57 209.55 3.99806 76.6517 266.484 -14.2539 -302.878 -28.1903 -36.8682 -85.6246 -1.85652 0.03402 0.00098 0.16099 0 -22.8652 4.12075 227.58 -10.1647 -6.35 149.572 -39.5111 -1245.98
./7_S_0001.pdb:pose -1604.3 200.021 3.81152 76.713 266.396 -9.73631 -317.131 -19.4957 -28.9435 -71.8804 -1.85706 0.04132 0.01436 0.1649 0 -27.4318 -4.89234 219.589 -15.251 -6.35 119.667 -33.7458 -1254.6
./8_S_0001.pdb:pose -1682.24 217.405 3.87428 75.2291 268.127 -11.1312 -289.368 -38.1995 -48.8119 -65.919 -1.85376 0.03248 0.26325 0.35922 0 -18.9763 -0.59206 221.541 -12.8073 -6.35 170.301 -33.5863 -1252.71
./9_S_0001.pdb:pose -1651.11 232.913 4.30462 78.2344 270.706 -12.0633 -295.853 -24.3631 -38.1055 -67.8655 -1.85566 0.32096 0.02885 0.07642 0 -18.0352 -2.24471 248.75 -12.2844 -6.35 141.583 -26.3626 -1179.58
./10_S_0001.pdb:pose -1600.44 208.061 3.91492 76.8188 258.796 -13.4102 -298.622 -19.6 -32.5585 -90.2384 -1.85585 0.02406 0.0761 0.28651 0 -22.7355 2.50433 220.851 -14.3228 -6.35 186.024 -38.3267 -1181.1
