./1_S_0001.pdb:pose -1803.82 227.333 4.0217 79.2042 316.877 -18.4623 -312.685 -20.8982 -53.0565 -80.8613 -1.85689 0.02781 0.00479 0.12048 0 -16.3641 20.2309 240.718 -22.5882 -18.33 381.874 -48.1748 -1126.69
./2_S_0001.pdb:pose -1813.15 242.483 4.09309 81.6779 312.822 -13.7227 -324.179 -16.466 -69.8749 -66.9627 -1.85665 0.02466 0.00725 0.39776 0 -26.2879 12.7492 245.315 -23.8883 -18.33 250.889 -43.1041 -1267.36
./3_S_0001.pdb:pose -1778.98 227.096 4.01471 81.2886 310.49 -15.4029 -315.092 -13.9915 -72.3974 -72.6238 -1.85319 0.02421 0.02883 0.47101 0 -30.1891 0.08171 241.145 -25.2296 -18.33 246.005 -43.5118 -1276.95
./4_S_0001.pdb:pose -1792.51 230.217 3.96604 78.8849 317.705 -19.573 -318.211 -25.0132 -55.8802 -70.0046 -1.85599 0.49561 0.07859 1.04323 0 -18.9299 21.9246 241.336 -28.735 -18.33 313.964 -38.5792 -1178.01
./5_S_0001.pdb:pose -1775.6 228.156 4.26424 84.9349 304.041 -16.4672 -308.311 -16.7731 -49.6721 -93.2531 -1.857 0.03108 0.11133 0.27877 0 -18.7775 27.9813 243.524 -20.5326 -18.33 287.721 -48.199 -1186.73
./6_S_0001.pdb:pose -1737.39 221.293 4.02729 131.768 286.316 -15.9913 -303.536 -17.0673 -59.6268 -72.9994 -1.85729 0.03335 0.01402 0.12399 0 -19.7901 7.23376 241.3 -23.6349 -18.33 333.689 -36.9351 -1081.36
./7_S_0001.pdb:pose -1782.76 236.917 3.98932 80.2186 307.93 -14.8311 -305.861 -15.774 -67.0382 -81.9579 -1.8562 0.0488 0.02418 0.21231 0 -21.0532 6.93447 246.457 -23.1644 -18.33 383.713 -49.8256 -1116.01
./8_S_0001.pdb:pose -1820.01 240.608 4.30279 81.0011 316.537 -15.7534 -321.572 -16.7041 -58.8457 -68.0081 -1.85569 0.20673 0.0176 0.34636 0 -20.0756 23.1874 246.253 -23.2785 -18.33 398.145 -54.6356 -1108.46
./9_S_0001.pdb:pose -1796.49 233.771 3.96453 79.5962 311.479 -16.7062 -303.854 -22.6277 -68.2624 -82.8662 -1.85566 0.13184 0.01603 0.44008 0 -22.7222 22.5074 246.766 -25.0283 -18.33 348.635 -47.3874 -1158.82
./10_S_0001.pdb:pose -1780.04 227.552 3.74604 78.9457 306.645 -17.8474 -310.542 -15.168 -62.4701 -82.4941 -1.85167 0.03422 0.18402 0.33548 0 -22.4538 2.08896 235.293 -23.7185 -18.33 279.942 -46.9569 -1247.1
